elevation:2313.061910215326,2308.6963631931103,2300.2346486748247,2299.283952467758,2304.975240521378,2299.015427637604,2311.722951436574,2309.9331075327386,2297.508065936706,2313.3553521058575,2301.5535550101486,2296.877669428105|temperature:14.618488767001491,3.8292476,16.457540601452063,17.316880922936114,17.878484548945494,18.091795157059284,17.265577561781207,17.359648902636234,17.66241246249412,17.25355404195499,6.3654246,14.91520345091289|humidity:55.960346293507904,11.059294,58.812234098839326,63.05448911767415,67.29114285475426,69.06535185013341,73.51065185788102,72.13483041706516,69.02014241673226,63.17189663725863,22.8046562,59.03849905573863|
elevation:1052.5708879138374,1039.0364146330587,1048.0060414945738,1040.6361984352668,1045.5197229237217,1045.7952586423726,1040.0414945999817,1048.0429450094994,1048.7425577212882,1048.7060635223102,1047.749243521214,1038.4250361794054|temperature:9.431093331184167,11.299121215544927,14.918340816851972,18.37618424383624,21.86205277567117,24.464846176661144,25.72998513359399,24.778340802699972,22.421482916728923,18.083980388309858,0.0,10.16526055129689|humidity:60.23083330596091,56.55481662395547,52.30659012763031,50.34444077022447,49.09140919117789,49.91547555293323,51.8147194704331,53.315970866129426,55.6005748889524,58.15005503509773,0.0,63.449161360451484|
elevation:91.21970271033233,91.22095244774249,91.2183515025292,91.21993222658374,91.21867192477542,91.21942951284517,91.2185229929446,91.21905567943755,91.22028139172522,91.21852019633357,91.21871106702773,91.2200755382645|temperature:2.9831527687391297,3.3803615240217386,13.379116674543502,16.16645341960213,19.152631768209826,15.00705384021739,22.724458011200895,22.536114518001483,20.355626404814696,17.178581066698392,5.2195391132608675,3.853739020652175|humidity:41.878593999999985,40.30481997826086,69.3423674306718,66.9669686208215,67.93022178290252,48.805700923913044,70.5107330989372,71.11557672525944,72.79156223976196,74.47705865398483,42.661931760869564,42.75249507608696|
