temperature:1.6613750855521245,2.0371277839362936,3.0958758490283143,4.55816039787645,6.290190892406692,7.697719651222649,8.392738167310169,15.089502704890606,6.4136717111969075,5.182424109523811,2.7694186293256093,1.7179427486460763|humidity:36.01623988674389,34.83677630373234,32.732606041184034,30.754079624195622,31.128728490347516,31.605805450450447,32.13829013770915,56.611299073359106,32.96159864350066,35.82996954440154,34.44465668983268,34.52776304375804|
temperature:4.341360208530805,4.622841944218011,19.169314326403963,17.622449796208535,23.330177938836687,4.669079895734597,4.7506937914691925,4.7952305710900465,2.289112952606635,2.5511725592417056,2.78394779620853,3.0934138551184835|humidity:13.516708265402846,14.63685918957346,59.7072548001442,44.96854356398102,55.12794967079348,14.551145573459713,14.342630516587674,14.13882892890995,9.411578417061612,9.194664426540283,8.834061587677724,8.464606981042655|
temperature:15.06674864429184,16.02838552500877,21.41011550998169,24.744112874279217,29.502200610402586,33.32074516290299,33.90256197899912,17.39850642857143,15.779026142857143,13.153649214285716,9.680923714285715,6.931076857142857|humidity:41.931664890632376,35.905345752031955,28.72009261488868,25.8534525670484,21.168248797946557,23.019858093889233,30.47439712213529,15.814529142857142,15.932913214285715,15.543237785714286,19.032345785714288,24.18719092857143|
