elevation:790.2941816996444,1108.032756055402,1010.314954423747,1237.3185735836491,789.2839901064219,1126.5544327365499,846.4798164597483,812.0109631543334,878.7411494559317,889.0020653573526,1129.317773494287,914.3417060284916|temperature:8.590686040317353,7.917921286945237,13.212901563876235,15.007813326079837,22.3374673732448,21.652803471529133,24.291462256546485,25.08094316084874,22.404416049871685,18.593040518807182,13.042795204787666,6.985320657743374|humidity:53.803169186179254,60.31915777531485,53.158723444450835,52.4080849835885,53.83982592206426,46.47526676364536,56.378061678590896,56.74754717439076,58.62572048591876,60.21825222175344,64.26161386614078,60.64849876429853|
elevation:107.11430383007452,99.450524117428,114.56714590596826,116.36711015273735,91.61708912224493,93.1505170842788,91.7345261454276,104.75184358098946,105.86223326825066,98.8153515884747,105.39715330111687,92.51565175617905|temperature:2.9831527687391297,3.3803615240217386,13.567416659711423,16.19346992871149,19.08542075961142,15.00705384021739,22.856298482781327,22.57275599581327,20.401083588056057,17.132475785506877,5.2195391132608675,3.853739020652175|humidity:41.878593999999985,40.30481997826086,69.1776556637471,67.18498862132321,68.11462837285877,48.805700923913044,70.20626368244834,70.89756756359284,72.53688191352163,74.29267233916147,42.661931760869564,42.75249507608696|
elevation:2180.4271635671844,1836.3215256122592,1861.205768014611,2112.3196489704437,1927.5853108673407,2135.552149988646,2159.8131941100287,2037.5476542050444,2152.1037210548434,1977.4982368370063,2122.4249924969004,1982.5626894603938|temperature:13.461011295306909,6.712090833333334,20.182703537801213,16.92288235229124,20.40240031281016,21.63742696930899,22.21796531952241,18.663818175347618,20.77023861090913,19.26118591391758,0.0,13.863096726523862|humidity:51.87014710348583,22.343027833333334,56.35402403690332,59.79333992338669,69.90487545075547,60.58146464118761,72.27111441078623,66.41853017395994,69.26611685706843,68.04235453933438,0.0,61.72388790460872|
