temperature:3.2288122752999997,3.5812473122499986,12.748658779919378,15.162748812353659,17.763201980644535,13.024846016249999,20.909281529013008,20.738595252689684,18.77004489514898,15.99720037460566,3.4835768102499998,4.121796053750001|humidity:45.60486079999999,43.94274658749999,72.3385585177346,70.76680413685723,72.51384817038289,51.532563,74.65839216636176,75.20696891084182,76.70879106916615,77.94976763218145,35.998217187499996,46.5974867125|
temperature:7.9777206395712295,0.0,15.555064344262226,19.85338873568931,23.25885742788643,25.129329277777778,25.665361464372843,25.00289468853204,22.62432064946554,18.200362384750257,13.151135425000001,9.040542850327927|humidity:42.872370473477176,0.0,42.403217241343405,45.74785411520675,51.44650472663248,60.79140476875,70.6886698397196,70.75396595972629,67.99919396465351,61.630835453452164,51.584202975000004,46.06276547511905|
temperature:12.110185856561436,13.737839645937903,17.05147629889519,20.926131737433746,25.1174220191542,28.280955606499255,29.999474606685535,29.72517254964576,27.101141006171986,22.73542370767163,7.052206111111111,13.448856472744035|humidity:62.72738711729283,59.86649262270534,54.37675357210432,48.61745823105335,44.959250708952396,44.89776290579516,46.42680035470529,47.267043417908695,49.853095440282786,53.9749145078249,31.3304565,64.07954806543135|
