temperature:14.115202474621242,14.609558785763783,17.597062736355053,22.896872141002387,24.81174113047733,29.047755751514742,31.392405618103197,29.765374257636267,27.26708117733261,22.84363111263158,18.920149689697162,15.508716453184107|humidity:62.03710882793781,55.8048649770945,56.38081728139441,51.361466769561666,41.63345328973485,39.724004767319165,46.45923814367811,42.82827944435632,49.82695165904613,52.03276177405834,60.49570533097193,65.0238179790518|
temperature:1.8198204809437897,1.0741049753571998,9.294423548513874,12.176471858189975,20.327832700223144,20.5941419000213,25.57308055115385,23.9616930906404,17.190802301769722,13.954031231563853,8.633112866783563,2.5743347517744417|humidity:72.70364795571389,66.32902889452674,61.57311572125749,42.78040156122736,40.211836281355595,45.46936159675615,50.087309477217,47.09414782934592,58.97196502821899,50.85210955194767,71.62938661658075,66.65946960143667|
temperature:3.396524223811764,3.776098635058823,13.079985981750031,15.779488990144504,18.403261922376178,12.967557779999996,21.402790009446115,21.29660702616409,19.31017185203354,16.569798465286347,3.6052403743529413,4.2417762035294135|humidity:43.09855988235294,41.48657844705882,69.87335758084575,68.7158703027077,71.45749604820759,50.05227976470588,73.89515839553121,74.68519769692212,75.90229162715944,76.41901606282894,34.586845,44.1477543882353|
